cell granite_long steps_recorded=24
step | hazard_ops | op_barriers | internal_barriers | counter barriers | counter raw/waw/war | physical_dispatch_calls | encode_dispatch_calls | longest_run_ops | runs>=8
0 | 383 | 325 | 48 | 373 | 300/0/25 | 431 | 383 | 4 | 0
1 | 383 | 325 | 24 | 349 | 300/0/25 | 407 | 383 | 4 | 0
2 | 374 | 324 | 24 | 348 | 298/0/26 | 398 | 374 | 3 | 0
3 | 374 | 324 | 24 | 348 | 298/0/26 | 398 | 374 | 3 | 0
4 | 374 | 324 | 24 | 348 | 298/0/26 | 398 | 374 | 3 | 0
5 | 374 | 324 | 24 | 348 | 298/0/26 | 398 | 374 | 3 | 0
6 | 374 | 324 | 24 | 348 | 298/0/26 | 398 | 374 | 3 | 0
7 | 374 | 324 | 24 | 348 | 298/0/26 | 398 | 374 | 3 | 0
8 | 374 | 324 | 24 | 348 | 298/0/26 | 398 | 374 | 3 | 0
9 | 374 | 324 | 24 | 348 | 298/0/26 | 398 | 374 | 3 | 0
10 | 374 | 324 | 24 | 348 | 298/0/26 | 398 | 374 | 3 | 0
11 | 374 | 324 | 24 | 348 | 298/0/26 | 398 | 374 | 3 | 0
12 | 540 | 468 | 36 | 348 | 298/0/26 | 398 | 374 | 3 | 0
13 | 208 | 180 | 12 | 348 | 298/0/26 | 398 | 374 | 3 | 0
14 | 374 | 324 | 24 | 348 | 298/0/26 | 398 | 374 | 3 | 0
15 | 374 | 324 | 24 | 348 | 298/0/26 | 398 | 374 | 3 | 0
16 | 374 | 324 | 24 | 348 | 298/0/26 | 398 | 374 | 3 | 0
17 | 374 | 324 | 24 | 348 | 298/0/26 | 398 | 374 | 3 | 0
18 | 374 | 324 | 24 | 348 | 298/0/26 | 398 | 374 | 3 | 0
19 | 374 | 324 | 24 | 348 | 298/0/26 | 398 | 374 | 3 | 0
20 | 374 | 324 | 24 | 348 | 298/0/26 | 398 | 374 | 3 | 0
21 | 374 | 324 | 24 | 348 | 298/0/26 | 398 | 374 | 3 | 0
22 | 374 | 324 | 24 | 348 | 298/0/26 | 398 | 374 | 3 | 0
23 | 374 | 324 | 24 | 348 | 298/0/26 | 398 | 374 | 3 | 0
