99.92
10.84
10.45
10.31
10.36
10.35
10.49
10.99
10.70
10.45
10.30
10.33
10.38
10.53
10.90
10.91
11.06
15.88
17.50
12.46
10.40
10.54
10.50
11.14
17.62
16.95
10.62
10.62
13.57
17.96
14.48
10.76
10.66
17.01
18.56
10.56
10.57
14.11
18.66
11.01
11.04
10.97
10.97
15.23
17.13
14.21
11.04
10.81
11.88
16.75
17.12
11.13
10.71
10.76
13.25
14.12
17.86
11.53
10.77
10.84
13.31
17.28
12.69
11.83
106.17
10.34
11.25
12.71
16.60
16.04
10.67
10.45
11.13
14.85
18.00
11.49
10.77
10.80
13.01
15.69
17.44
10.79
10.77
10.99
13.56
17.97
14.81
10.81
10.86
10.66
10.72
10.87
17.26
19.61
14.25
18.61
13.68
10.80
11.43
11.33
14.20
18.91
13.06
10.51
14.04
18.60
13.43
11.07
10.98
12.79
17.97
15.59
10.75
10.94
12.62
17.00
15.80
10.86
10.88
11.24
14.71
16.69
14.45
10.39
10.87
14.75
17.85
13.40
106.63
12.03
16.83
16.66
10.59
10.90
10.83
10.61
10.91
13.60
18.22
14.27
15.25
17.33
12.66
10.52
10.64
11.06
11.01
14.66
18.71
13.18
13.77
18.02
13.81
10.63
10.71
10.97
11.01
10.93
14.20
18.18
13.51
17.31
18.50
10.95
10.89
10.69
10.94
13.84
17.85
14.27
17.42
17.72
10.85
10.86
11.14
10.90
11.01
10.82
12.44
15.33
18.47
13.65
17.88
14.33
10.90
10.90
11.09
11.15
10.98
11.61
13.27
18.10
106.37
10.94
18.81
16.44
10.80
10.74
11.15
12.85
17.99
14.30
10.59
10.78
13.48
17.14
14.06
10.78
10.90
12.83
19.19
14.71
11.09
13.96
17.93
13.67
10.97
11.05
14.85
18.06
13.87
11.38
11.68
17.87
17.98
10.95
11.04
10.93
14.89
17.89
12.90
10.68
11.33
17.14
16.62
10.72
11.16
11.16
14.90
17.31
13.27
11.54
10.65
13.92
17.88
18.90
11.56
11.46
15.68
17.31
11.89
11.16
11.22
16.11
17.19
11.92
