cell e2b_long steps_recorded=24
step | hazard_ops | op_barriers | internal_barriers | counter barriers | counter raw/waw/war | physical_dispatch_calls | encode_dispatch_calls | longest_run_ops | runs>=8
0 | 842 | 585 | 0 | 585 | 569/0/16 | 842 | 842 | 4 | 0
1 | 842 | 585 | 35 | 620 | 569/0/16 | 877 | 842 | 4 | 0
2 | 618 | 584 | 35 | 619 | 567/0/17 | 653 | 618 | 2 | 0
3 | 618 | 584 | 35 | 619 | 567/0/17 | 653 | 618 | 2 | 0
4 | 618 | 584 | 35 | 619 | 567/0/17 | 653 | 618 | 2 | 0
5 | 618 | 584 | 35 | 619 | 567/0/17 | 653 | 618 | 2 | 0
6 | 618 | 584 | 35 | 619 | 567/0/17 | 653 | 618 | 2 | 0
7 | 618 | 584 | 35 | 619 | 567/0/17 | 653 | 618 | 2 | 0
8 | 618 | 584 | 35 | 619 | 567/0/17 | 653 | 618 | 2 | 0
9 | 618 | 584 | 35 | 619 | 567/0/17 | 653 | 618 | 2 | 0
10 | 595 | 562 | 34 | 619 | 567/0/17 | 653 | 618 | 2 | 0
11 | 641 | 606 | 36 | 619 | 567/0/17 | 653 | 618 | 3 | 0
12 | 618 | 584 | 35 | 619 | 567/0/17 | 653 | 618 | 2 | 0
13 | 618 | 584 | 35 | 619 | 567/0/17 | 653 | 618 | 2 | 0
14 | 618 | 584 | 35 | 619 | 567/0/17 | 653 | 618 | 2 | 0
15 | 618 | 584 | 35 | 619 | 567/0/17 | 653 | 618 | 2 | 0
16 | 618 | 584 | 35 | 619 | 567/0/17 | 653 | 618 | 2 | 0
17 | 618 | 584 | 35 | 619 | 567/0/17 | 653 | 618 | 2 | 0
18 | 618 | 584 | 35 | 619 | 567/0/17 | 653 | 618 | 2 | 0
19 | 618 | 584 | 35 | 619 | 567/0/17 | 653 | 618 | 2 | 0
20 | 618 | 584 | 35 | 619 | 567/0/17 | 653 | 618 | 2 | 0
21 | 618 | 584 | 35 | 619 | 567/0/17 | 653 | 618 | 2 | 0
22 | 618 | 584 | 35 | 619 | 567/0/17 | 653 | 618 | 2 | 0
23 | 618 | 584 | 35 | 619 | 567/0/17 | 653 | 618 | 2 | 0
